Altoa, 800. -559.91626 251.320206 1150. -451.256592 282.735229 2800. -130.460907 376.980316 3500. -23.849174 408.395355 4950. -1.975472 439.810364;
Altoe, 400. -373.543732 188.490158 1600. -70.656654 251.320206 2700. -125.801582 376.980316 3300. -21.850504 471.225403 4950. -1.379872 628.300537;
Altoi, 350. -392.360718 157.075134 1700. -95.117905 314.150269 2700. -39.781952 376.980316 3700. -21.834801 471.225403 4950. -1.379872 628.300537;
Altoo, 450. -360.074493 219.905182 800. -198.665787 251.320206 2830. -250.957275 314.150269 3500. -59.906418 408.395355 4950. -36.437 424.102844;
Altou, 325. -364.334961 157.075134 700. -164.202393 188.490158 2530. -26.266392 534.055481 3500. -10.848492 565.470459 4950. -0.870641 628.300537;
Bassa, 600. -560.315552 188.490158 1040. -371.717651 219.905182 2250. -405.927368 345.565277 2450. -405.031158 376.980316 2750. -118.232811 408.395355;
Basse, 400. -560.715088 125.660103 1620. -284.805328 251.320206 2400. -476.457977 314.150269 2800. -327.702972 376.980316 3100. -181.837738 376.980316;
Bassi, 250. -233.464828 188.490158 1750. -34.416267 282.735229 2600. -230.561462 314.150269 3050. -112.881348 376.980316 3340. -61.953922 376.980316;
Basso, 400. -560.715088 125.660103 750. -147.942978 251.320206 2400. -119.680832 314.150269 2600. -121.142265 376.980316 2900. -13.512022 376.980316;
Bassu, 350. -490.625732 125.660103 600. -41.993717 251.320206 2400. -33.73064 314.150269 2675. -49.618786 376.980316 2950. -21.784338 376.980316;
Contratenora, 660. -461.930908 251.320206 1120. -349.095093 282.735229 2750. -90.709969 376.980316 3000. -81.381668 408.395355 3350. -16.831022 439.810364;
Contratenore, 440. -352.072845 219.905182 1800. -251.365448 251.320206 2700. -190.185379 314.150269 3000. -139.779541 376.980316 3300. -153.757492 376.980316;
Contratenori, 270. -378.482697 125.660103 1850. -72.593452 282.735229 2900. -102.379112 314.150269 3350. -24.738146 376.980316 3590. -26.510431 376.980316;
Contratenoro, 430. -602.768738 125.660103 820. -181.487595 251.320206 2700. -75.714165 314.150269 3000. -111.03083 376.980316 3300. -30.678652 376.980316;
Contratenoru, 370. -518.661499 125.660103 630. -44.093403 251.320206 2750. -108.929634 314.150269 3000. -44.202171 376.980316 3400. -31.608309 376.980316;
Sopranoa, 800. -559.91626 251.320206 1150. -358.445862 282.735229 2900. -33.940666 376.980316 3900. -167.675629 408.395355 4950. -6.246991 439.810364;
Sopranoe, 350. -326.850769 188.490158 2000. -111.903419 314.150269 2800. -231.995926 376.980316 3600. -13.404482 471.225403 4950. -2.18695 628.300537;
Sopranoi, 270. -252.142014 188.490158 2140. -334.302399 282.735229 2950. -82.724731 314.150269 3900. -91.072433 376.980316 4950. -14.552162 376.980316;
Sopranoo, 450. -360.074493 219.905182 800. -157.805832 251.320206 2830. -125.776588 314.150269 3800. -129.774368 408.395355 4950. -6.479517 424.102844;
Sopranou, 325. -364.334961 157.075134 700. -103.604706 188.490158 2700. -15.763174 534.055481 3800. -11.778362 565.470459 4950. -1.379872 628.300537;
Tenora, 650. -454.931946 251.320206 1080. -336.627411 282.735229 2650. -551.528809 376.980316 2900. -496.367462 408.395355 3250. -103.026527 439.810364;
Tenore, 400. -320.066223 219.905182 1700. -237.400711 251.320206 2600. -365.415283 314.150269 3200. -297.48996 376.980316 3580. -166.803574 376.980316;
Tenori, 290. -406.518463 125.660103 1870. -206.807999 282.735229 2800. -197.229279 314.150269 3250. -151.427826 376.980316 3540. -52.158562 376.980316;
Tenoro, 400. -560.715088 125.660103 800. -177.061066 251.320206 2600. -365.415283 314.150269 2800. -327.702972 376.980316 3000. -70.055717 376.980316;
Tenoru, 350. -490.625732 125.660103 600. -56.031559 188.490158 2700. -213.39151 314.150269 2900. -269.600281 376.980316 3300. -77.061295 376.980316;